0.5927662706100042
0.4781194120121024
0.3985679337687702
0.6233779579895252
0.6567925518464106
0.49266068044461453
0.4781194120121024
0.7456823691242358
0.48754725717356295
0.6018122428277022
0.49566438321817036
0.6325777866138524
0.6488838264239152
0.6097253839571724
0.7626877729024533
0.8025539708523751
0.6233779579895252
0.612958690276715
0.3985679337687702
0.6233779579895252
0.6233779579895252
0.8541566830261588
0.49566438321817036
0.49566438321817036
0.8234521094903562
0.8407903402661745
0.7626877729024533
0.7110526060544502
0.8407903402661745
0.48754725717356295
0.6233779579895252
0.7096050346295751
0.779814522825368
0.7399591824643739
0.7951526917774621
0.71737265033565
0.6276603614936017
0.6779990950022725
0.727525819202739
0.6097253839571724
0.727525819202739
0.7827443497199192
0.8541566830261588
0.6922940341702692
0.5239560832258604
0.44225799847322517
0.6561701127011642
0.8407903402661745
0.6887751395379244
0.6097253839571724
0.4058333925872346
0.7986098260788663
0.4405310935167967
