2.17920697615549
2.38390508697691
1.74523098452814
2.03684838213722
1.90687353472207
1.73735169580371
2.02411607282677
2.22461074697834
1.86811520532722
2.22547727983144
1.86811520532722
2.06840851977816
2.19075177992018
2.23312307852108
2.24809593109413
1.90687353472207
2.06840851977816
2.04275265900555
1.74523098452814
1.99273020395414
1.99273020395414
2.33201405800557
1.86811520532722
2.23962476524614
2.21797060767566
2.07874673427361
2.24809593109413
2.17678557492204
2.35595889032609
1.86811520532722
1.99273020395414
2.17478641736734
2.17678557492204
2.18551382421854
1.86811520532722
2.18551382421854
1.93936947007466
2.22665145045481
1.86811520532722
1.42422807069598
2.29926753160860
2.27579491463100
2.12221587827283
2.38390508697691
2.22547727983144
1.90687353472207
2.06840851977816
2.23962476524614
2.14601944848380
2.14601944848380
2.06840851977816
2.14601944848380
2.02411607282677
